flips,entropy,cb
500000,9.81042,0.43
42240,8.11901,4.41
500000,9.81242,0.41
32327,9.35243,2.55
500000,9.80593,0.66
500000,9.82367,0.63
500000,9.74841,1.21
500000,7.19215,4.27
40898,9.60713,1.79
500000,9.78866,0.69
500000,9.81375,0.39
500000,9.79635,0.81
45561,9.23004,2.49
29239,8.47888,3.74
500000,9.73985,1.38
27248,9.44851,2.16
500000,9.81516,0.44
41189,8.56743,2.67
500000,9.72115,1.81
500000,9.20055,3.27
35226,9.33448,2.33
500000,9.80671,0.32
500000,8.16927,4.07
500000,9.81665,0.28
500000,9.76728,1.24
500000,9.65883,1.95
31467,8.72390,3.96
40202,9.46628,2.33
500000,8.75067,3.28
500000,9.00747,2.71
500000,8.78769,3.67
500000,9.24669,2.35
46448,7.82205,3.51
500000,9.80040,0.48
500000,9.33201,2.23
500000,7.69355,4.57
500000,9.81498,0.02
500000,9.67670,1.76
500000,9.68713,1.65
34731,8.20253,3.54
500000,8.40760,3.27
500000,8.54621,3.21
500000,9.69775,1.62
37934,8.23431,4.00
500000,8.08134,4.35
500000,9.80324,0.70
500000,9.76592,1.56
40363,8.86838,2.90
41166,8.48320,3.77
28927,7.51370,4.25
500000,9.72200,1.55
500000,9.81403,0.06
45290,9.21019,2.85
500000,7.14804,4.60
49358,7.70230,4.25
500000,8.43764,4.25
500000,9.03707,2.75
19955,8.42571,3.50
40874,8.60118,2.81
500000,9.79754,0.71
38360,8.99553,3.18
500000,9.82573,0.08
43982,9.15820,2.66
32215,9.29136,2.26
500000,9.80665,0.31
31151,7.33744,3.49
47334,9.49801,1.93
500000,9.81373,0.21
500000,9.77842,1.28
28993,8.63581,2.96
44722,8.16201,4.15
42405,7.30356,4.98
42222,8.44838,3.44
500000,8.90585,3.83
39963,9.21948,3.08
46247,9.14233,2.30
500000,8.52798,3.59
43575,9.42388,2.28
500000,9.81543,0.10
41320,8.35246,4.64
28406,9.22528,2.13
500000,9.80460,0.69
500000,9.79734,0.58
500000,9.80624,0.75
42215,9.52954,1.91
45075,7.81226,4.23
18552,8.55843,3.36
46803,8.02319,3.61
500000,9.68468,1.80
34058,9.22395,3.13
500000,9.70802,1.66
47958,9.25327,2.67
20989,8.96345,2.57
500000,9.69420,1.99
500000,9.76343,1.35
500000,9.68652,1.92
500000,9.81853,0.35
500000,7.73135,4.81
500000,9.80060,0.53
35655,7.99008,4.45
500000,9.75933,1.24
23840,8.00470,3.84
36373,8.74093,2.56
500000,8.43193,4.23
49351,8.61225,2.99
19990,8.23882,3.59
36469,8.28902,3.46
45309,9.49455,2.14
500000,8.21039,4.87
500000,9.81558,0.08
500000,7.79163,4.63
500000,9.72598,1.59
500000,8.59718,3.25
500000,9.79959,0.08
500000,7.83285,4.96
500000,7.80872,3.95
500000,8.12056,4.48
46132,8.33320,3.38
500000,9.77735,1.09
500000,9.75234,1.48
500000,9.82249,0.30
47960,7.41364,4.11
500000,9.74361,1.26
500000,7.74250,4.41
29000,8.82093,2.75
500000,9.81435,0.55
500000,9.80263,0.23
34418,9.56331,1.82
10547,8.85458,3.74
500000,9.80413,0.82
500000,9.77707,1.09
46360,8.52936,4.10
500000,9.73984,1.24
500000,9.67159,1.70
25839,8.35077,3.65
500000,9.70708,1.44
500000,9.71313,1.95
46142,8.30389,3.67
500000,6.37160,4.74
42497,8.54564,3.88
44573,9.28904,2.39
500000,7.00901,4.55
34053,8.62134,3.03
43996,9.45958,1.99
500000,9.80803,0.57
17898,8.66449,3.47
500000,9.74462,1.62
500000,9.68196,1.99
500000,9.65599,2.01
500000,9.39510,2.55
500000,9.79814,0.54
19540,7.46351,3.98
500000,7.51532,4.64
500000,9.77520,1.03
22103,8.00187,4.45
500000,9.65185,1.99
46812,8.59940,3.38
500000,9.81380,0.11
35513,9.33911,2.54
15359,9.00925,2.50
500000,8.95614,3.28
500000,9.81041,0.40
500000,9.76666,0.96
500000,9.68547,1.65
500000,9.59144,2.29
43373,7.86538,4.73
31098,9.42594,2.35
500000,8.74667,3.37
500000,9.80000,0.06
31969,7.88724,4.68
500000,7.82913,4.96
20918,8.87565,3.22
500000,9.81654,0.48
44853,7.69938,4.90
26405,9.39640,2.02
500000,7.47071,4.63
19284,9.10229,2.44
40149,7.98042,4.37
500000,9.19595,2.39
47366,9.63227,1.73
500000,9.81698,0.02
32259,8.41152,4.01
28297,9.08356,2.29
48235,9.44741,2.49
46249,9.37488,2.64
37675,8.06974,3.59
20227,6.81283,4.70
23890,6.95039,4.39
500000,8.08616,4.83
500000,7.62421,4.74
500000,9.77535,1.12
500000,9.81536,0.54
500000,8.14905,4.58
23354,9.20551,2.34
500000,9.80196,0.90
500000,9.77694,0.95
500000,9.76211,1.22
500000,8.97422,3.41
500000,8.70133,3.54
34806,9.19723,2.62
500000,9.55395,2.16
500000,9.81228,0.15
25788,8.83974,3.50
18111,8.31296,4.05
500000,8.43852,3.60
500000,8.75727,3.33
500000,9.67938,1.71
45573,8.87242,2.72
500000,8.64099,3.51
37522,9.26368,2.49
41986,7.56758,4.28
500000,9.80181,0.35
500000,9.80053,0.70
500000,9.75522,1.33
31292,8.40835,3.39
500000,9.71862,1.53
500000,8.43283,3.30
500000,7.71820,4.79
500000,9.79382,0.48
35581,6.98891,4.48
44343,7.87157,4.81
30831,9.63940,1.80
500000,9.81411,0.46
500000,9.71269,1.62
17954,9.22405,2.41
30570,8.89201,2.48
500000,7.39563,4.93
44370,8.89029,3.50
500000,9.80416,0.06
500000,9.62924,1.94
500000,9.77941,1.21
20545,7.50345,4.22
38528,9.34654,2.62
39730,8.85451,3.28
500000,8.14227,4.36
30464,8.95709,2.80
34009,8.38570,3.45
500000,9.75514,1.15
500000,9.81750,0.57
500000,9.80744,0.61
500000,9.19516,2.58
500000,7.96758,4.72
500000,8.24617,4.74
500000,9.78913,0.87
49617,5.94577,4.95
500000,9.80247,0.46
500000,9.81404,0.81
20846,8.44889,3.92
500000,9.73052,1.58
500000,9.45219,2.37
500000,9.78475,0.87
500000,9.80337,0.38
46108,7.52613,4.65
37171,7.54429,4.63
43731,7.95460,4.99
44473,8.00447,4.32
48203,8.69565,2.83
43055,8.94100,3.05
37804,9.15353,2.30
500000,9.79425,0.53
500000,9.80917,0.04
500000,7.18512,4.94
500000,9.66901,1.98
500000,8.67958,3.39
500000,9.42657,2.58
500000,7.56107,4.26
26100,9.47119,2.22
500000,8.28855,4.08
500000,9.79059,0.93
500000,9.77371,1.10
26897,9.23250,2.28
15099,9.37467,2.20
500000,9.81060,0.54
20908,8.34144,4.27
17137,8.31508,3.91
37941,7.80800,4.82
500000,8.55718,3.33
49578,8.14942,3.91
500000,9.81192,0.48
15246,9.29912,2.14
500000,7.80233,4.09
500000,9.76031,1.52
500000,9.78926,1.11
500000,9.79800,0.86
500000,9.79476,0.34
500000,8.59040,3.92
500000,9.74845,1.41
500000,9.78953,1.03
34419,8.55279,3.26
500000,9.75875,1.41
46497,9.20699,2.07
34535,7.48940,2.99
500000,8.50197,3.63
500000,9.78744,1.16
46260,9.58346,1.87
43893,8.61085,3.14
41477,9.48171,2.17
500000,9.72768,1.38
33680,8.08446,4.06
500000,7.98217,4.03
500000,8.74299,3.93
500000,9.76889,1.45
18121,8.00719,4.24
43843,9.65444,1.74
500000,9.80889,0.24
500000,9.12458,2.92
500000,7.63603,4.15
500000,9.81180,0.21
40571,8.91546,3.05
500000,7.82396,3.78
500000,8.82286,3.34
48596,9.16448,2.53
42352,8.37635,2.60
500000,8.63296,3.71
500000,9.76971,1.16
500000,8.35519,3.48
500000,9.79895,0.13
500000,9.72986,1.42
18893,8.24133,4.36
500000,9.79380,0.68
29435,9.02189,2.85
26605,8.53420,2.78
500000,9.49517,2.55
500000,7.53509,4.89
46867,8.70837,3.46
500000,9.81328,0.16
32992,8.16518,3.74
500000,9.81965,0.12
500000,6.76104,3.81
26579,8.18971,3.76
500000,9.79580,1.25
22756,8.08722,3.49
500000,9.80432,0.47
24718,6.82981,4.18
46915,8.08339,4.15
500000,9.79948,0.69
500000,9.81407,0.18
25243,9.25541,2.41
500000,9.81105,0.01
46237,8.19052,4.50
29815,8.55898,3.27
500000,9.35478,2.24
43673,8.03589,4.86
32270,9.30765,2.43
48878,9.40416,2.21
500000,9.76638,1.12
500000,9.77689,0.94
500000,9.79294,0.70
500000,9.81077,0.59
30114,8.39951,3.39
500000,9.76662,0.99
500000,9.81038,0.13
500000,9.83900,0.70
48155,9.40290,2.14
500000,9.80670,0.60
500000,9.81077,0.65
500000,9.79185,0.67
43760,9.34909,2.20
39212,8.19637,3.09
42768,9.64816,1.62
41945,8.94874,3.11
500000,7.65067,4.34
43406,8.45961,4.42
500000,9.74886,1.02
27833,8.60066,3.48
30290,8.14441,3.43
500000,9.79318,0.70
500000,7.89691,4.45
500000,9.76599,1.22
28352,9.54246,2.01
41628,8.22635,3.98
500000,9.80829,0.52
33722,9.32758,2.35
37261,8.86619,2.85
11842,8.66963,3.24
46704,8.87466,2.79
500000,9.80654,0.00
500000,9.06301,2.95
46635,8.90010,2.85
48106,9.63384,1.81
47152,9.54593,1.99
500000,8.91575,3.13
500000,9.69792,1.85
43384,7.77802,4.37
500000,9.81821,0.05
34242,9.65171,1.54
500000,8.41508,3.78
28816,8.92007,2.66
500000,9.72240,1.89
500000,9.80706,0.90
33375,9.52212,1.78
500000,8.12892,4.24
18458,9.36958,2.31
46736,6.77404,4.85
27436,8.83555,2.88
500000,9.78037,1.14
24654,9.60320,1.55
500000,9.74488,1.52
47568,8.78407,3.26
500000,9.79289,0.37
32821,8.26727,3.90
500000,9.82643,0.07
40994,8.02562,3.61
18598,7.86931,4.86
500000,9.75803,1.09
40481,9.63943,1.59
500000,7.88081,4.28
36142,7.91322,4.36
43585,9.34365,2.25
500000,9.80312,0.28
28576,8.85277,2.86
500000,9.76938,1.14
36085,7.59238,4.73
500000,9.77789,1.54
500000,9.69846,1.67
25353,8.62023,3.51
500000,9.73569,1.59
27622,7.43007,4.59
500000,9.78447,1.10
500000,9.73212,1.36
33501,7.97266,3.50
500000,9.80238,0.64
500000,9.49289,2.00
26505,7.65091,4.52
48932,8.95563,3.12
43603,9.31785,2.21
500000,9.55510,2.17
46080,9.57208,1.94
28040,7.57941,3.99
43348,9.52192,1.88
500000,8.19057,4.63
45171,9.28261,2.28
48741,8.94470,3.00
40705,7.96395,4.15
500000,9.52130,2.31
500000,8.18165,3.91
33764,9.09472,2.80
500000,8.12066,3.61
44247,8.73789,3.32
29125,9.36341,2.31
20283,9.08928,2.82
500000,9.22962,2.68
36242,9.43199,2.11
25669,8.74412,3.80
500000,9.62684,1.83
500000,9.80198,1.01
500000,8.19753,4.30
27866,9.42339,1.92
37722,7.37496,4.50
35854,9.15292,2.88
500000,9.71852,1.53
500000,8.66630,3.75
500000,9.77282,1.11
28581,9.34301,2.52
500000,8.38409,3.53
500000,8.26576,3.94
500000,9.33442,2.67
37281,7.61203,4.33
500000,9.35503,2.16
43938,9.55319,1.98
500000,9.80707,0.40
500000,9.78025,1.05
27865,8.84005,3.46
36557,8.39925,3.59
15525,8.04413,3.64
500000,9.77442,1.21
16247,8.43284,3.50
500000,9.74646,1.43
29253,9.07535,2.36
500000,9.67055,1.70
500000,8.68034,3.40
41857,9.06041,2.81
500000,9.81679,0.38
500000,9.00894,3.36
500000,8.23887,3.96
500000,8.79509,3.67
38697,8.39290,3.13
16191,7.12567,4.21
500000,9.69444,1.71
500000,9.63718,1.74
500000,9.73107,1.84
500000,8.10459,4.93
500000,8.33465,4.03
500000,7.30538,4.69
46878,7.71389,4.09
500000,9.70885,1.48
18230,8.81857,2.92
500000,7.22171,4.68
24875,8.45059,3.54
36543,9.39155,2.47
500000,9.64257,1.72
500000,9.82644,0.04
23729,9.42804,1.96
500000,9.82096,0.03
500000,8.12738,4.97
47667,8.27560,4.11
42648,9.27096,2.67
26059,6.88598,3.78
500000,9.81026,0.08
500000,8.20917,4.05
